338.5
314
165.3
247.4
127.4
84.4
64.4
41.4
187.9
68.6
205.9
282.3
521.8
117.2
349.2
208.4
267.5
166.1
843.6
249.7
604.3
639.4
175.4
572.9
215.0
253.7
351.6
297
159
273.2
225.5
607.7
847.3
291.6
13.7
149.4
92.3
179
1169
136.7
929.7
465.6
198.5
442.3
384.8
377.4
341.8
502.7
383.4
400.8
84.5
301.7
429.8
649.6
484.6
567.9
480.9
761
564.5
555.4
399.8
68.9
80.6
205.5
123.9
75.6
127
52.5
434.6
674.2
145.5
186.4
21.4
104.7
53.8
22.2
137.4
756.6
376.1
318.5
308.8
275.5
436.5
317.2
440
115.7
277.2
363.6
583.4
418.4
501.7
414.7
596.9
498.3
357.6
73.4
137.2
114.1
61.1
58.8
116.9
409.3
648.9
77.4
225.7
88.9
144
39.3
970.6
122.9
731.3
133.3
42.7
133.5
54.9
121.3
353.4
592.9
150.5
264.6
99.6
182.9
111.7
914.7
195.3
675.4
95.2
197.8
78.5
253.6
346.6
586.2
52.8
362.5
225.7
280.8
176.0
907.9
174.5
61.8
174.7
79.8
164.5
310.7
550.2
147.6
307.8
142.9
226.1
152.9
872
236.5
47.1
119.3
126
469.8
709.3
137.7
169.8
87.8
130
22
1031.1
61.8
791.8
175.1
350.5
590.1
123.4
284
147.2
202.3
97.5
911.8
181.1
672.5
475.6
715.2
193.7
236.5
71.5
154.8
106.3
1036.9
189.9
212.1
270.5
398
617.7
452.7
536
449.1
711.6
532.7
289.5
637.8
857.5
692.5
775.8
688.9
578.7
772.5
339.4
302.6
165.8
220.9
116.1
960.5
122.5
721.2
160.4
103.3
190.1
1180.1
147.8
940.8
78.5
66
1014.9
149.6
775.6
129.5
1119.5
142.4
880.2
1009.3
83.8
770
1093.6
240.1
854.2















